20000
20001
20002
20003
20004
20005
20006
20007
20008
28000
28001
28002
28003
28004
28005
28006
28007
28008
28009
28010
63000
63001
63002
63003
63004
63005
63006
63007
63008
63009
63010
63011
104000
104001
104002
104003
104004
104005
104006
104007
104008
104009
104010
104011
106000
106001
106002
106003
106004
106005
106006
106007
107000
107001
107002
107003
107004
107005
107006
107007
114000
114001
114002
114003
114004
114005
114006
114007
114008
114009
115000
115001
115002
115003
115004
115005
115006
115007
115008
115009
115010
116000
116001
116002
116003
116004
116005
116006
116007
116008
116009
116010
116011
116012
116013
124000
124001
124002
124003
124004
124005
124006
124007
124008
124009
124010
124011
124012
124013
125000
125001
125002
125003
125004
125005
125006
125007
125008
125009
125010
125011
125012
125013
125014
125015
125016
125017
125018
126000
126001
126002
126003
126004
126005
126006
126007
126008
126009
126010
126011
126012
127000
127001
127002
127003
127004
127005
127006
127007
127008
128000
128001
128002
128003
128004
128005
128006
128007
128008
128009
128010
128011
128012
128013
129000
129001
129002
129003
129004
129005
129006
129007
129008
129009
129010
129011
129012
129013
131000
131001
131002
131003
131004
131005
131006
131007
131008
131009
131010
131011
131012
131013
132000
132001
132002
132003
132004
132005
132006
132007
132008
132009
132010
132011
133000
133001
133002
133003
133004
133005
133006
133007
133008
133009
133010
133011
133012
135000
135001
135002
135003
135004
135005
135006
135007
135008
135009
135010
136000
136001
136002
136003
136004
136005
136006
136007
136008
136009
136010
136011
137000
137001
137002
137003
137004
137005
137006
137007
137008
137009
137010
137011
137012
138000
138001
138002
138003
138004
138005
138006
138007
138008
138009
138010
138011
138012
139000
139001
139002
139003
139004
139005
139006
139007
139008
139009
139010
139011
139012
139013
139014
140000
140001
140002
140003
140004
140005
140006
140007
140008
140009
140010
140011
140012
140013
140014
141000
141001
141002
141003
141004
141005
141006
141007
141008
141009
141010
142000
142001
142002
142003
142004
142005
142006
142007
142008
142009
142010
142011
142012
142013
142014
143000
143001
143002
143003
143004
143005
143006
143007
143008
143009
143010
143011
143012
143013
144000
144001
144002
144003
144004
144005
144006
144007
144008
144009
144010
145000
145001
145002
145003
145004
145005
145006
145007
146000
146001
146002
146003
146004
146005
146006
146007
146008
146009
146010
146011
146012
146013
146014
146015
147000
147001
147002
147003
147004
147005
147006
147007
147008
147009
147010
147011
147012
147013
147014
147015
148000
148001
148002
148003
148004
148005
148006
148007
148008
148009
148010
148011
148012
148013
148014
148015
148016
148017
148018
148019
149000
149001
149002
149003
149004
149005
149006
149007
149008
149009
149010
149011
149012
149013
149014
150000
150001
150002
150003
150004
150005
185000
185001
185002
185003
185004
185005
185006
185007
185008
185009
185010
185011
185012
185013
186000
186001
186002
186003
186004
186005
186006
186007
186008
187000
187001
187002
187003
187004
187005
187006
187007
187008
188000
188001
188002
188003
188004
188005
189000
189001
189002
189003
189004
189005
189006
189007
189008
189009
189010
189011
189012
190000
190001
190002
190003
190004
190005
190006
190007
191000
191001
191002
191003
191004
191005
191006
191007
191008
191009
191010
191011
191012
191013
191014
191015
192000
192001
192002
192003
192004
192005
192006
192007
192008
192009
193000
193001
193002
193003
193004
193005
193006
193007
193008
193009
194000
194001
194002
194003
194004
466000
466001
466002
466003
466004
466005
466006
466007
466008
466009
466010
466011
466012
467000
467001
467002
467003
467004
467005
467006
467007
467008
467009
467010
467011
467012
467013
467014
467015
467016
468000
468001
468002
468003
468004
468005
468006
468007
468008
468009
468010
468011
469000
469001
469002
469003
469004
469005
469006
469007
469008
469009
469010
469011
469012
469013
470000
470001
470002
470003
470004
470005
470006
470007
470008
470009
470010
470011
470012
485000
485001
485002
485003
485004
485005
485006
485007
485008
485009
485010
486000
486001
486002
486003
486004
486005
486006
486007
486008
486009
486010
486011
486012
487000
487001
487002
487003
487004
487005
487006
487007
487008
487009
487010
487011
487012
487013
487014
488000
488001
488002
488003
488004
488005
488006
488007
488008
488009
488010
488011
488012
489000
489001
489002
489003
489004
489005
489006
489007
489008
489009
489010
489011
489012
489013
489014
489015
490000
490001
490002
490003
490004
490005
490006
490007
490008
490009
490010
490011
490012
490013
490014
490015
490016
490017
490018
490019
490020
490021
490022
490023
491000
491001
491002
491003
491004
491005
491006
491007
491008
491009
491010
491011
491012
492000
492001
492002
492003
492004
492005
492006
492007
492008
492009
492010
492011
492012
492013
492014
493000
493001
493002
493003
493004
493005
493006
493007
493008
493009
493010
493011
493012
493013
493014
493015
494000
494001
494002
494003
494004
494005
494006
494007
494008
494009
494010
494011
494012
494013
494014
494015
495000
495001
495002
495003
495004
495005
495006
495007
495008
495009
495010
495011
495012
495013
495014
495015
495016
495017
496000
496001
496002
496003
496004
496005
496006
496007
496008
496009
496010
496011
496012
496013
496014
496015
496016
496017
496018
496019
496020
497000
497001
497002
497003
497004
497005
498000
498001
498002
498003
498004
498005
498006
498007
498008
498009
498010
499000
499001
499002
499003
499004
499005
499006
499007
499008
499009
499010
499011
499012
500000
500001
500002
500003
500004
500005
500006
500007
500008
500009
500010
500011
500012
500013
500014
500015
500016
501000
501001
501002
501003
501004
501005
501006
501007
501008
501009
501010
501011
501012
501013
501014
501015
501016
502000
502001
502002
502003
502004
502005
502006
502007
502008
502009
502010
503000
503001
503002
503003
503004
503005
503006
503007
503008
503009
503010
503011
503012
503013
503014
503015
505000
505001
505002
505003
505004
505005
505006
505007
505008
505009
505010
505011
505012
505013
505014
505015
505016
505017
505018
506000
506001
506002
506003
506004
506005
506006
506007
506008
506009
506010
506011
507000
507001
507002
507003
507004
507005
507006
507007
507008
507009
507010
507011
507012
507013
507014
507015
507016
508000
508001
508002
508003
508004
508005
508006
508007
508008
508009
508010
508011
509000
509001
509002
509003
509004
509005
509006
509007
509008
509009
509010
509011
509012
510000
510001
510002
510003
510004
510005
510006
510007
510008
510009
510010
510011
510012
511000
511001
511002
511003
511004
511005
511006
511007
511008
511009
511010
511011
511012
511013
511014
511015
511016
511017
511018
512000
512001
512002
512003
512004
512005
512006
512007
512008
514000
514001
514002
514003
514004
514005
514006
514007
514008
515000
515001
515002
515003
515004
515005
515006
515007
515008
515009
515010
523000
523001
523002
523003
523004
523005
523006
523007
523008
523009
523010
523011
523012
523013
524000
524001
524002
524003
524004
524005
524006
524007
524008
524009
524010
524011
524012
524013
524014
524015
524016
525000
525001
525002
525003
525004
525005
525006
525007
525008
525009
525010
525011
525012
525013
526000
526001
526002
526003
526004
526005
526006
526007
526008
526009
526010
526011
526012
526013
526014
526015
527000
527001
527002
527003
527004
527005
527006
527007
527008
527009
527010
527011
527012
527013
528000
528001
528002
528003
528004
528005
528006
528007
528008
528009
528010
528011
528012
528013
528014
528015
528016
528017
529000
529001
529002
529003
529004
529005
529006
529007
529008
529009
529010
529011
529012
529013
530000
530001
530002
530003
530004
530005
530006
530007
530008
530009
530010
530011
530012
530013
530014
530015
530016
531000
531001
531002
531003
531004
531005
531006
531007
531008
531009
531010
531011
531012
532000
532001
532002
532003
532004
532005
532006
532007
532008
532009
532010
532011
532012
532013
532014
532015
532016
532017
532018
533000
533001
533002
533003
533004
533005
533006
533007
533008
533009
533010
533011
533012
533013
533014
533015
533016
534000
534001
534002
534003
534004
534005
534006
534007
534008
534009
534010
534011
534012
536000
536001
536002
536003
536004
536005
536006
536007
536008
536009
536010
536011
536012
537000
537001
537002
537003
537004
537005
537006
537007
537008
537009
537010
537011
537012
537013
538000
538001
538002
538003
538004
538005
538006
538007
538008
538009
538010
538011
538012
538013
538014
538015
538016
538017
544000
544001
544002
544003
544004
544005
544006
544007
544008
544009
544010
544011
544012
544013
545000
545001
545002
545003
545004
545005
545006
545007
545008
545009
545010
545011
545012
553000
553001
553002
553003
553004
553005
553006
553007
553008
553009
553010
553011
553012
553013
553014
554000
554001
554002
554003
554004
554005
554006
554007
554008
554009
554010
554011
554012
554013
554014
554015
554016
554017
554018
554019
555000
555001
555002
555003
555004
555005
555006
555007
555008
555009
555010
555011
555012
555013
555014
555015
555016
556000
556001
556002
556003
556004
556005
556006
556007
556008
556009
556010
556011
556012
556013
556014
556015
556016
557000
557001
557002
557003
557004
557005
557006
557007
557008
557009
557010
557011
557012
557013
557014
557015
557016
557017
557018
558000
558001
558002
558003
558004
558005
558006
558007
558008
558009
558010
558011
558012
558013
558014
558015
558016
558017
558018
558019
558020
558021
558022
558023
558024
559000
559001
559002
559003
559004
559005
559006
559007
559008
559009
559010
559011
559012
559013
559014
560000
560001
560002
560003
560004
560005
560006
560007
560008
560009
560010
560011
560012
560013
560014
561000
561001
561002
561003
561004
561005
561006
561007
561008
561009
561010
561011
561012
561013
561014
561015
561016
562000
562001
562002
562003
562004
562005
562006
562007
562008
562009
562010
562011
563000
563001
563002
563003
563004
563005
563006
563007
563008
563009
563010
563011
563012
564000
564001
564002
564003
564004
564005
564006
564007
564008
564009
564010
564011
564012
564013
564014
564015
564016
564017
565000
565001
565002
565003
565004
565005
565006
565007
565008
565009
565010
565011
565012
565013
566000
566001
566002
566003
566004
566005
566006
566007
566008
567000
567001
567002
567003
567004
567005
567006
567007
567008
567009
567010
567011
586000
586001
586002
586003
586004
586005
586006
586007
586008
586009
586010
586011
586012
586013
586014
586015
586016
586017
586018
587000
587001
587002
587003
587004
587005
587006
587007
587008
587009
587010
587011
587012
587013
588000
588001
588002
588003
588004
588005
588006
588007
588008
588009
588010
588011
589000
589001
589002
589003
589004
589005
589006
589007
589008
589009
589010
589011
589012
589013
589014
589015
589016
591000
591001
591002
591003
591004
591005
591006
591007
591008
591009
591010
591011
591012
591013
592000
592001
592002
592003
592004
592005
592006
592007
592008
592009
592010
592011
592012
592013
592014
593000
593001
593002
593003
593004
593005
593006
593007
593008
593009
594000
594001
594002
594003
594004
594005
594006
594007
594008
599000
599001
599002
599003
599004
599005
599006
599007
599008
599009
599010
599011
599012
600000
600001
600002
600003
600004
600005
600006
600007
600008
600009
600010
600011
600012
600013
600014
601000
601001
601002
601003
601004
601005
601006
601007
601008
601009
601010
601011
601012
601013
601014
601015
601016
601017
602000
602001
602002
602003
602004
602005
602006
602007
602008
602009
602010
602011
602012
602013
603000
603001
603002
603003
603004
603005
603006
603007
603008
603009
603010
603011
603012
603013
603014
603015
604000
604001
604002
604003
604004
604005
604006
604007
604008
604009
604010
604011
604012
604013
604014
604015
604016
605000
605001
605002
605003
605004
605005
605006
605007
605008
605009
606000
606001
606002
606003
606004
606005
606006
606007
606008
606009
606010
606011
607000
607001
607002
607003
607004
607005
607006
607007
607008
607009
607010
607011
607012
607013
607014
607015
607016
608000
608001
608002
608003
608004
608005
608006
608007
608008
608009
608010
608011
608012
608013
608014
610000
610001
610002
610003
610004
610005
610006
610007
610008
610009
610010
610011
610012
610013
610014
610015
610016
610017
610018
610019
610020
611000
611001
611002
611003
611004
611005
611006
611007
611008
611009
611010
611011
611012
611013
612000
612001
612002
612003
612004
612005
612006
612007
612008
612009
612010
612011
612012
613000
613001
613002
613003
613004
613005
613006
613007
613008
614000
614001
614002
614003
614004
614005
614006
615000
615001
615002
615003
615004
615005
615006
615007
615008
615009
616000
616001
616002
616003
616004
616005
616006
616007
616008
616009
616010
616011
616012
616013
616014
617000
617001
617002
617003
617004
617005
617006
617007
617008
617009
617010
617011
617012
618000
618001
618002
618003
618004
618005
618006
618007
618008
618009
618010
618011
618012
618013
618014
618015
618016
618017
618018
618019
618020
618021
618022
618023
618024
618025
629000
629001
629002
629003
629004
629005
629006
629007
629008
629009
629010
630000
630001
630002
630003
630004
630005
630006
630007
630008
630009
630010
630011
631000
631001
631002
631003
631004
631005
631006
631007
632000
632001
632002
632003
632004
632005
632006
632007
632008
642000
642001
642002
642003
642004
642005
642006
642007
642008
642009
642010
642011
642012
642013
642014
642015
642016
643000
643001
643002
643003
643004
643005
643006
643007
643008
643009
643010
643011
643012
643013
643014
644000
644001
644002
644003
644004
644005
644006
644007
644008
644009
644010
645000
645001
645002
645003
645004
645005
645006
645007
645008
645009
645010
645011
645012
645013
645014
645015
646000
646001
646002
646003
646004
646005
646006
646007
646008
646009
646010
646011
646012
647000
647001
647002
647003
647004
647005
647006
647007
647008
647009
647010
647011
647012
647013
647014
647015
647016
647017
647018
648000
648001
648002
648003
648004
648005
648006
648007
648008
648009
648010
648011
648012
648013
648014
648015
648016
648017
649000
649001
649002
649003
649004
649005
649006
649007
649008
649009
649010
649011
649012
650000
650001
650002
650003
650004
650005
650006
650007
650008
651000
651001
651002
651003
651004
651005
651006
651007
651008
651009
651010
652000
652001
652002
652003
652004
652005
652006
652007
652008
652009
652010
652011
652012
652013
652014
652015
652016
652017
652018
652019
652020
653000
653001
653002
653003
653004
653005
653006
653007
653008
654000
654001
654002
654003
654004
654005
654006
654007
654008
654009
654010
654011
654012
654013
655000
655001
655002
655003
655004
655005
655006
655007
655008
655009
656000
656001
656002
656003
656004
656005
656006
656007
672000
672001
672002
672003
672004
672005
672006
672007
672008
672009
672010
672011
673000
673001
673002
673003
673004
673005
673006
673007
673008
673009
673010
673011
673012
673013
673014
673015
673016
673017
673018
673019
673020
674000
674001
674002
674003
674004
674005
674006
674007
674008
674009
674010
674011
674012
674013
674014
675000
675001
675002
675003
675004
675005
675006
675007
675008
675009
675010
675011
675012
675013
675014
675015
675016
675017
675018
676000
676001
676002
676003
676004
676005
676006
676007
676008
676009
676010
676011
688000
688001
688002
688003
688004
688005
688006
688007
688008
688009
688010
688011
688012
688013
688014
688015
688016
688017
689000
689001
689002
689003
689004
689005
689006
689007
689008
689009
689010
689011
689012
690000
690001
690002
690003
690004
690005
690006
690007
690008
691000
691001
691002
691003
691004
691005
691006
691007
691008
691009
691010
691011
691012
691013
691014
691015
691016
691017
692000
692001
692002
692003
692004
692005
692006
692007
692008
692009
692010
692011
692012
693000
693001
693002
693003
693004
693005
693006
693007
693008
693009
693010
693011
693012
694000
694001
694002
694003
694004
694005
694006
694007
694008
694009
694010
694011
694012
695000
695001
695002
695003
695004
695005
695006
695007
695008
695009
695010
695011
695012
696000
696001
696002
696003
696004
696005
696006
696007
697000
697001
697002
697003
697004
697005
697006
697007
698000
698001
698002
698003
698004
698005
698006
698007
698008
698009
698010
698011
698012
698013
698014
698015
698016
698017
699000
699001
699002
699003
699004
699005
699006
699007
699008
699009
699010
699011
699012
699013
700000
700001
700002
700003
700004
700005
700006
700007
700008
700009
700010
701000
701001
701002
701003
701004
701005
701006
701007
701008
701009
701010
701011
701012
701013
701014
702000
702001
702002
702003
702004
702005
702006
702007
702008
702009
702010
702011
703000
703001
703002
703003
703004
703005
703006
703007
703008
703009
703010
703011
703012
703013
703014
704000
704001
704002
704003
704004
704005
704006
704007
704008
704009
704010
704011
704012
704013
705000
705001
705002
705003
705004
705005
705006
705007
705008
705009
705010
705011
705012
705013
706000
706001
706002
706003
706004
706005
706006
706007
706008
706009
706010
706011
707000
707001
707002
707003
707004
707005
707006
707007
708000
708001
708002
708003
708004
708005
708006
708007
708008
708009
708010
708011
709000
709001
709002
709003
709004
709005
709006
709007
709008
709009
709010
709011
709012
709013
709014
710000
710001
710002
710003
710004
710005
710006
710007
710008
710009
710010
710011
711000
711001
711002
711003
711004
711005
711006
711007
711008
711009
711010
711011
711012
711013
711014
711015
711016
712000
712001
712002
712003
712004
712005
712006
712007
712008
725000
725001
725002
725003
725004
725005
725006
725007
725008
725009
725010
725011
725012
725013
725014
725015
725016
726000
726001
726002
726003
726004
726005
726006
726007
726008
726009
726010
726011
726012
727000
727001
727002
727003
727004
727005
727006
727007
727008
727009
727010
727011
727012
727013
727014
727015
727016
727017
728000
728001
728002
728003
728004
728005
728006
728007
728008
728009
728010
728011
728012
729000
729001
729002
729003
729004
729005
729006
729007
729008
729009
729010
729011
729012
729013
729014
729015
729016
730000
730001
730002
730003
730004
730005
730006
730007
730008
730009
730010
730011
806000
806001
806002
806003
806004
806005
806006
806007
806008
806009
806010
806011
806012
806013
806014
807000
807001
807002
807003
807004
807005
807006
808000
808001
808002
808003
808004
808005
808006
808007
808008
808009
808010
808011
808012
808013
808014
808015
808016
808017
808018
808019
